evaluating: CS15B003_HOME
q2_queue_a: 9.520000
q1_stack_a: 10.000000
q4_queue: 10.000000
q1_stack: 9.740000
q3_1: 16.000000
q4_stack: 10.000000
q3_2: 20.000000
q2_queue: 10.000000

****final result: 95.260000/100.000000****

