evaluating: CS15B039_LAB
q3: 33.333333
q2: 0.000000
q1: 33.333333

****final result: 66.666667/100.000000****

