evaluating: CS15B056_HOME
q3_2: 20.000000
q1_stack_a: 9.980000
q4_queue: 9.980000
q4_stack: 9.980000
q2_queue: 0.000000
q3_1: 20.000000
q2_queue_a: 10.000000
q1_stack: 9.980000

****final result: 89.920000/100.000000****

